$ANSIBLE_VAULT;1.1;AES256
63656362343939386636396266363366616534306439333738393631646364333937646636613265
6630623037626130363463353934393634623635646464320a656631613239636165313839303066
31613362333739613836666661316136333561333130313330396231356633666265343534646633
3664333133623962390a316636313032643932316633336531373065323136633936653836393266
37643934653638306639656631663737306533323137363431383230363261333833333738383138
38623335383736396635656334393830396361333962373832626566313239303464323066333765
34303539386166333136613064363638373331353466656134353661666663376530346539343161
30323062323634376365363066333530643836363437343561363133396130323737636138303435
33326539353164313766353564386566393066613462353837386538313834623339356363363532
37636435353139333238636332616132623564623736623264396436636437346163353863343763
32613237323564303733633964663566383137303365323134356639323233383262636563333864
37663939636136356465616164626336653436636631386236363038623132633431626162363564
30663566666265613731333038333239616632643939623134373832383039353965373865613763
34623163346463336166393666613733633136376236653339346134326561653766643639663938
30363566623936386137363432386135336137643335363662306639333736613033316534646561
33653030313163663737333539653739633230346231383232356464323839376266333062383264
31633765356264373330373538646563643236366163633361616663626161323633323032643239
38316339616431633936643464613238346266323538663533383765303530303336356365346135
65363735636531376232653962393333393363356463346632393362656139613362316537353330
62353263623835623633323335376563393638356631356661656230363765336362636336356434
39353838393637363766373334393263323064393962363563623861353230633434336566346561
39363733393462353837313362323565373937326165633239616431656533316533376137346364
38646236356165326564316564653633313036373533363166376233383337363666393266636231
35666131303461633966306233313462336561343836336664326632393162393332633030613333
35623137653638316232303935646431316334363339303632633437636538333936343463633337
39636334653236303664643661393534616136613033393762386162323966633266656234396131
33623261666132636263393532616434336164356564363439386630343639373666643666633838
63383632646339653565393336373938383530346664313432343739336436333836643463326430
61656539643131386631346335623335393964396138643038303830363738643165326335303963
62653134386263353635633930653135623234653036316363646363613135383537383339326136
33646664633331333832346665623661396161393963383862353165643764393761663032393037
63346662643634626637633435653935666537363338643566333663366630383365666635666438
30356264366538393539643362313731323331353132303038623832336663303434333262316335
65323635353836313032303163316537313736656631383666356338323738653661653134343139
39323065616238336339613034376236313432646635333035353238653832333863353138323734
66326539623538616236636430643939643530316330316136333165303037363262623430316330
63386231323536623562346438393764323761623464396230623138363666363338383461616463
37623032666339386536623366326665613837633830306161373566616439363034343736383635
61326137376634666631306632303161656236663130663634386138383034376534316137336162
31303330376164326164643533313263353836613665646533653566653237373565386335376337
65336330663162336639386563383962396333656630313537626438353633306636656262393364
30373138343239373936343937643235333933363734393762343961333366383138316365336236
63616436303464303232343363616137386533396634326261303563373566623332313764346338
39353732376464633966306566333765663134303665666638616435313039613835346639663266
33616661373335346166356537666432323463353736343539323232376261306561663566666638
31376139323339326230393337316138363066343938343762396238613637353634646134336563
66313762353430353234643663623239633835626634306662373837383535353539336430383235
32306130363966383037393039633536333139383862626263666532313136653830623933653933
31636333613435626364656433653264643532353637656465333062646630343166363331663566
39663135363863346335626632393239373731366133363336663863616563626531666537626237
30393933323630386235653531343765656230356131363330633066613630373764656563613564
66666438653830333866643239336531316433353166376139343664666533626665303131396139
32613564363030363932353365626430656362666131633038666336313230373264313266643165
39373930373135633638353864303961616537326230636630376661646566663238636533306238
34303264633137383137323865343763366232383666643635303235326531623461333435393263
35616236346239636334623833366130613566303237376434616261343362643238396431326664
39303932353161633666343436316163303139396165323963343834386662363239666438373063
32323335316464303135383632656536303036383036616266626233656131363734653165316265
36323465636462623331653264633864646532636666346662663730393262336538316666343235
38613631343865373638343732613737376431313339633963323261376437383633333330643864
37656462346665356532333337373138393061393263633939393836366239353264306330306434
31613331346434356139613137366638393830343137653131636662663336336137633365336663
66313830666635386264356363323336306230353961346234383462396366343132346432303137
65313765346465613130646332376438303531363863356461663636376330363633393136313030
64323762383761626530643462613366653434386237306534646434353630393533373630386362
37393961306166323234333830396135346536373735393930363339393733333134653530663531
34323134366231623239353036653438343065353333363737653037666639643535663439636161
32663733343637376331663236383461643466643162626565313734643936663564663963613665
63323039336330396466336531643931393935613462363263303262303534353061613636633962
61303834393434623038313631336364663038313934616564313237323963626132663465343137
63623965333231313530363832393663396632663861353734383537633430366266323032373738
62376132306236663063656237653465393938343862636631383537636431393264666337383537
38343633646437323138643334633336373266346431316638633236333063616533326537366162
33313461323437653534653634616365343064323239663134363161306238656532303231363835
38613665353363633864353338636236643265353864306466336134656332313933306538663965
34626430636536633532343033303363313664626633363337613436396663613138363733643862
37303264366635643730343466343635393961623332366464366265376666386639663136343462
39316462323461633131613734616434666538623630303335373930626131326164363339363063
63626337346634656130313331616436616664333239333131323636333266353534336232626335
32636436326533373335643836346435656536353665316230303133373562343235313530326665
62663761373362393735616230353765373434353836383233336234643162363539343135333463
63613262356639386664303538663261306462353734346131663365663838363163663439396639
32383263316264303236613962303633333930666235373636633037363036343136623738303166
32623432376338636261353966373936623535656138616361353266303331363530323264633438
63396331633138643266386638396161326664363161643866616266636566303531393366636636
37663439613565343166653630383031316165393662613631633861666665393638313265653831
38393039396665393231353561643937653730383637396438326562396637623737616232396536
66653863666531633737303663376335366535313032363263303365366235646263383833383263
36333336376435623836613966303037333736373164353730643465393033376634633763313565
64663962656362633861393834316364343434616238366537653665653335343333366631386262
35353965366263626461393863383463643762616632326132333635343938353333363239336165
34666634333633653661633439623762303331396233303032333338313230666365646136356632
37316533366365616664303364653331663830623438626163303330643137333066313261363937
38383937653930363838623035636437646234643962636563313966616430346535393632343530
61356262313764363666626465643531373534376530353130646332376666663130343563366332
33643065323163616432346634303761386232623530633535663431623733323733613163353766
63653331373361346132643632373863613238636466396261333962623931383835366265333863
62393537343161643965386233306437303162323932613035346634326166393562626431636237
64323932353239323161303161363033383435616331386166333532306266346366623333653338
38363738383733366236313735666431313662633366383933613433383131653731323034643139
62646334353363663736313730376539623362316438663034373238393936633038303032633265
65323339323761336430633536643766336539663061623933366465343137623637343866666466
38303232306662613365376134316335393730303138356435313635333563376437623437303163
37313164656135656139353439303837393732656135653337653362393634353463396361373735
38633562303066623737303530333264646439663462356131363163343765653566393565633230
39626534663066313565623630616534303665323764613966613863393761343339653564333535
34303435313765653731666333383935663934623164353438373763363965643861663638363730
30636137373530656163643930386266643864623139383530616364666432643530353838306133
35323637323632363030396234643236326261336461353564333465303165376132613863353136
36373136336136656432356164313764623263656631356134633133353062643031333261356566
66333735383863643437396538313137633064636533633436303630343332363663613864613866
38333834333564333531366531316130623836633635653765643531663963383338633936313732
38313563623332666636393737646465343439323236346262616332366433333761383332663735
34346332363336666364393439303032366366323964656630326537306131316434623662336533
33383432366261633666383330323839343536623537623533383534633231346136326633353533
36346537333734306333333436333937626238653962386331393233343335653061613663663039
32346537323731366434306339376536336637613862623833643531353835393336653237303733
39613533613363353761306237376465646463393161363437626239623632323734353662306264
39336266323035316238633338313664663531623862633432633936393030396331353164393532
35333661383235393763313863323835633636646633303336646131353133336534633965646538
33643634303837643230323630626164633734616439643234343965383431633231336266323730
30353836386464373336663663663031646337323833633136646138646433643839663238663231
38626362393263303131396339663732396336323333373230313065373939626632346234353930
61313165356136343333383965313037636665383465353831303534343236623236613065353263
31306261666634663761663131623834363164376262643435396334333234636537386632646434
30336332376532383239356565333963646639666531373462616432306431386663303939313938
30386561343430353233366436316562623838383365353061333631373839353963393065326664
34343336383735376365613163313631323362353932646631363865633033376531333930383430
31636632626232653530663130326130386633646631356232323930643639346262366236376466
61643464613466326636333133306364343863393036343064656463343537313339623635383766
66373535336332353366316363383061623233643135396263366433373531636639656234396465
36376139373364346630373637363863343430653462653834313664633266303732663566386565
32336261356630663265643137663334646131333838373239353330376639623365643736313237
30626462633532336337663930663832663538623638623638613664346262343163376334303030
303363323237633165356331333639316237
